function fx=fsdx2(x)
fx=.7957*exp(71.1216*x-1.1853*x.^2)./(1+.4309*exp(79.4344*x))-.033;